[0/1] C:\Windows\system32\cmd.exe /C "cd /D C:\Users\wener\BLE_WIFI\build && C:\Espressif\tools\tools\cmake\3.30.2\bin\cmake.exe -D IDF_SIZE_TOOL=c:/Espressif/tools/python_env/idf5.3_py3.11_env/Scripts/python.exe;-m;esp_idf_size -D IDF_SIZE_MODE=--archives -D MAP_FILE=C:/Users/wener/BLE_WIFI/build/BLE_WIFI.map -D OUTPUT_JSON= -P C:/Users/wener/esp/v5.3.2/esp-idf/tools/cmake/run_size_tool.cmake"
                                                               Per-archive contributions to ELF file                                                               
+-----------------------------------------------------------------------------------------------------------------------------------------------------------------+
| Archive File            | Total Size |  DRAM | .bss | .data |  IRAM | .text | .text_overflow | .vectors | Flash Code |  .text | Flash Data | .rodata | .appdesc |
|-------------------------+------------+-------+------+-------+-------+-------+----------------+----------+------------+--------+------------+---------+----------|
| libnet80211.a           |     148142 |  9520 | 8453 |  1067 |  6816 |  6816 |              0 |        0 |     118560 | 118560 |      13246 |   13246 |        0 |
| liblwip.a               |     108760 |  3778 | 3762 |    16 | 27768 | 27768 |              0 |        0 |      73371 |  73371 |       3843 |    3843 |        0 |
| libesp_app_format.a     |      96398 |    10 |   10 |     0 |     0 |     0 |              0 |        0 |        417 |    417 |      95971 |   95715 |      256 |
| libc.a                  |      96013 |   712 |  356 |   356 |     0 |     0 |              0 |        0 |      89325 |  89325 |       5976 |    5976 |        0 |
| libbt.a                 |      91938 | 11434 | 6635 |  4799 |  1696 |  1696 |              0 |        0 |      75712 |  75712 |       3096 |    3096 |        0 |
| libmbedcrypto.a         |      90077 |   141 |   81 |    60 |     0 |     0 |              0 |        0 |      82125 |  82125 |       7811 |    7811 |        0 |
| libbtdm_app.a           |      83686 |  3459 | 2645 |   814 | 22154 | 22154 |              0 |        0 |      57342 |  57342 |        731 |     731 |        0 |
| libpp.a                 |      68969 |  4099 | 1476 |  2623 | 26924 |  7827 |          19097 |        0 |      32994 |  32994 |       4952 |    4952 |        0 |
| libwpa_supplicant.a     |      64474 |  1329 | 1321 |     8 |     0 |     0 |              0 |        0 |      61450 |  61450 |       1695 |    1695 |        0 |
| libmain.a               |      48805 |  4211 | 4162 |    49 |     0 |     0 |              0 |        0 |      18641 |  18641 |      25953 |   25953 |        0 |
| libphy.a                |      44935 |  1219 |  635 |   584 | 14196 | 14196 |              0 |        0 |      29520 |  29520 |          0 |       0 |        0 |
| libmbedtls.a            |      29868 |   266 |  240 |    26 |     0 |     0 |              0 |        0 |      27688 |  27688 |       1914 |    1914 |        0 |
| libmqtt.a               |      26249 |     0 |    0 |     0 |     0 |     0 |              0 |        0 |      25646 |  25646 |        603 |     603 |        0 |
| libfreertos.a           |      22218 |  3841 |  741 |  3100 |  6102 |  6102 |              0 |        0 |      10965 |  10965 |       1310 |    1310 |        0 |
| libwifi_provisioning.a  |      20870 |    32 |   32 |     0 |     0 |     0 |              0 |        0 |      14606 |  14606 |       6232 |    6232 |        0 |
| libprotocomm.a          |      18102 |   361 |  361 |     0 |     0 |     0 |              0 |        0 |      13474 |  13474 |       4267 |    4267 |        0 |
| libesp_hw_support.a     |      15744 |   260 |  100 |   160 |  5668 |  5668 |              0 |        0 |       8845 |   8845 |        971 |     971 |        0 |
| libnvs_flash.a          |      15330 |    24 |   24 |     0 |     0 |     0 |              0 |        0 |      15058 |  15058 |        248 |     248 |        0 |
| libesp_system.a         |      14206 |   793 |  313 |   480 |  4409 |  4409 |              0 |        0 |       8327 |   8327 |        677 |     677 |        0 |
| libhal.a                |      13549 |  4060 |    8 |  4052 |  5814 |  5814 |              0 |        0 |       3550 |   3550 |        125 |     125 |        0 |
| libheap.a               |      12657 |    20 |    8 |    12 |  7440 |  7440 |              0 |        0 |       3583 |   3583 |       1614 |    1614 |        0 |
| libspi_flash.a          |      11794 |  1348 |   24 |  1324 |  9046 |  4590 |           4456 |        0 |        932 |    932 |        468 |     468 |        0 |
| libprotobuf-c.a         |       9915 |    12 |    0 |    12 |     0 |     0 |              0 |        0 |       9642 |   9642 |        261 |     261 |        0 |
| libcoexist.a            |       9271 |  1760 |    1 |  1759 |  3379 |  3379 |              0 |        0 |       4110 |   4110 |         22 |      22 |        0 |
| libmbedx509.a           |       8655 |     0 |    0 |     0 |     0 |     0 |              0 |        0 |       8610 |   8610 |         45 |      45 |        0 |
| libesp_driver_uart.a    |       7387 |   228 |   32 |   196 |     0 |     0 |              0 |        0 |       6566 |   6566 |        593 |     593 |        0 |
| libesp_netif.a          |       6562 |    33 |   29 |     4 |   353 |   353 |              0 |        0 |       6013 |   6013 |        163 |     163 |        0 |
| libesp-tls.a            |       6310 |     4 |    4 |     0 |     0 |     0 |              0 |        0 |       6214 |   6214 |         92 |      92 |        0 |
| libjson.a               |       5966 |    20 |    8 |    12 |     0 |     0 |              0 |        0 |       5946 |   5946 |          0 |       0 |        0 |
| libesp_driver_gpio.a    |       5541 |    36 |    0 |    36 |     0 |     0 |              0 |        0 |       4904 |   4904 |        601 |     601 |        0 |
| libdriver.a             |       4844 |   136 |    0 |   136 |     0 |     0 |              0 |        0 |       4484 |   4484 |        224 |     224 |        0 |
| libesp_wifi.a           |       4708 |   527 |   47 |   480 |   398 |   398 |              0 |        0 |       3741 |   3741 |         42 |      42 |        0 |
| libvfs.a                |       4695 |   232 |   40 |   192 |     0 |     0 |              0 |        0 |       4448 |   4448 |         15 |      15 |        0 |
| libnewlib.a             |       4192 |   360 |  200 |   160 |  1933 |  1933 |              0 |        0 |       1788 |   1788 |        111 |     111 |        0 |
| libesp_mm.a             |       4179 |   160 |  124 |    36 |  1002 |  1002 |              0 |        0 |       2803 |   2803 |        214 |     214 |        0 |
| libtcp_transport.a      |       3819 |     0 |    0 |     0 |     0 |     0 |              0 |        0 |       3689 |   3689 |        130 |     130 |        0 |
| libesp_timer.a          |       3549 |    56 |   24 |    32 |  2034 |  2034 |              0 |        0 |       1324 |   1324 |        135 |     135 |        0 |
| libxtensa.a             |       3408 |  1044 |    0 |  1044 |  2209 |  1344 |            441 |      424 |        119 |    119 |         36 |      36 |        0 |
| libesp_event.a          |       3369 |     4 |    4 |     0 |     0 |     0 |              0 |        0 |       3202 |   3202 |        163 |     163 |        0 |
| libesp_phy.a            |       2469 |    53 |   36 |    17 |   514 |   514 |              0 |        0 |       1658 |   1658 |        244 |     244 |        0 |
| librtc.a                |       2183 |     4 |    4 |     0 |  2179 |     0 |           2179 |        0 |          0 |      0 |          0 |       0 |        0 |
| libhttp_parser.a        |       2067 |     0 |    0 |     0 |     0 |     0 |              0 |        0 |       1997 |   1997 |         70 |      70 |        0 |
| libbootloader_support.a |       1958 |     0 |    0 |     0 |  1805 |  1805 |              0 |        0 |        113 |    113 |         40 |      40 |        0 |
| libesp_partition.a      |       1885 |     8 |    8 |     0 |     0 |     0 |              0 |        0 |       1709 |   1709 |        168 |     168 |        0 |
| libsoc.a                |       1872 |    40 |    0 |    40 |    33 |    33 |              0 |        0 |         39 |     39 |       1760 |    1760 |        0 |
| libesp_common.a         |       1801 |     0 |    0 |     0 |     0 |     0 |              0 |        0 |         51 |     51 |       1750 |    1750 |        0 |
| libefuse.a              |       1731 |    64 |    4 |    60 |     0 |     0 |              0 |        0 |       1486 |   1486 |        181 |     181 |        0 |
| liblog.a                |       1598 |   280 |  272 |     8 |   291 |   291 |              0 |        0 |        988 |    988 |         39 |      39 |        0 |
| libstdc++.a             |       1528 |    21 |   17 |     4 |     0 |     0 |              0 |        0 |       1308 |   1308 |        199 |     199 |        0 |
| libesp_ringbuf.a        |       1174 |     0 |    0 |     0 |  1077 |  1077 |              0 |        0 |          0 |      0 |         97 |      97 |        0 |
| libpthread.a            |        706 |    20 |   12 |     8 |     0 |     0 |              0 |        0 |        632 |    632 |         54 |      54 |        0 |
| libesp_coex.a           |        702 |    96 |    0 |    96 |   173 |   173 |              0 |        0 |        433 |    433 |          0 |       0 |        0 |
| libesp_vfs_console.a    |        603 |    12 |   12 |     0 |     0 |     0 |              0 |        0 |        419 |    419 |        172 |     172 |        0 |
| libxt_hal.a             |        475 |     0 |    0 |     0 |   443 |     0 |            443 |        0 |          0 |      0 |         32 |      32 |        0 |
| libcore.a               |        335 |    33 |   33 |     0 |     0 |     0 |              0 |        0 |        259 |    259 |         43 |      43 |        0 |
| libapp_update.a         |        186 |     4 |    4 |     0 |     0 |     0 |              0 |        0 |        152 |    152 |         30 |      30 |        0 |
| libesp_pm.a             |        126 |    72 |   64 |     8 |     0 |     0 |              0 |        0 |         54 |     54 |          0 |       0 |        0 |
| libesp_rom.a            |        102 |     0 |    0 |     0 |   102 |   102 |              0 |        0 |          0 |      0 |          0 |       0 |        0 |
| libgcc.a                |         89 |     0 |    0 |     0 |     0 |     0 |              0 |        0 |         89 |     89 |          0 |       0 |        0 |
| libcxx.a                |         52 |     0 |    0 |     0 |     0 |     0 |              0 |        0 |         52 |     52 |          0 |       0 |        0 |
| libnvs_sec_provider.a   |          5 |     0 |    0 |     0 |     0 |     0 |              0 |        0 |          5 |      5 |          0 |       0 |        0 |
| (exe)                   |          3 |     0 |    0 |     0 |     3 |     0 |              0 |        3 |          0 |      0 |          0 |       0 |        0 |
+-----------------------------------------------------------------------------------------------------------------------------------------------------------------+
